 1.000000  0.176397 0.277284 -0.555092 -0.397809 0.869715 0.454960 0.379106 -0.619555
 2.000000  -0.377306 -0.180974 -0.461809 -0.469291 1.563048 -0.814070 1.195422 -1.947644
 3.000000  -0.673153 -0.559286 -0.134189 -0.227630 3.942048 -3.292555 4.181179 -2.759272
 4.000000  -0.667435 -0.551408 0.146144 0.241784 12.226849 -5.517308 14.233790 -1.387659
 5.000000  -0.359057 -0.164159 0.472963 0.473142 37.099731 -8.234884 37.397357 -8.199268
 6.000000  0.197153 0.292893 0.545261 0.390516 82.216267 -42.905387 42.903254 -79.101565
 7.000000  0.498632 0.502121 -0.029123 -0.016934 92.660280 -204.907029 -32.813346 -254.924593
 8.000000  0.153757 0.266811 -0.563418 -0.404180 26.542502 -532.443334 -83.982830 -374.733681
 9.000000  -0.395464 -0.193863 -0.448193 -0.469388 -59.927017 -908.325543 -95.662405 -364.199993
 10.000000  -0.676272 -0.568433 -0.120198 -0.217851 -208.631232 -1259.780501 -240.341573 -349.697305
 11.000000  -0.658420 -0.544778 0.157406 0.260478 -670.652989 -1642.315865 -783.854160 -424.103358
 12.000000  -0.339006 -0.142762 0.482151 0.482048 -2025.439426 -1968.619055 -2019.896845 11.473774
 13.000000  0.217288 0.315500 0.532383 0.383377 -4417.414231 -450.855136 -2210.602344 4001.877581
 14.000000  0.493379 0.511360 -0.061066 -0.032596 -4849.263764 8054.491436 1869.006112 13483.501049
 15.000000  0.126074 0.266139 -0.570881 -0.407850 -1297.921094 25323.688491 4423.420795 19687.532395
 16.000000  -0.415305 -0.198727 -0.428748 -0.477375 3279.180957 45009.927930 5136.731845 19022.928650
 17.000000  -0.674377 -0.580727 -0.100126 -0.217829 11369.304229 63371.690580 13114.498240 18342.963487
 18.000000  -0.641277 -0.541094 0.168580 0.289813 36403.076583 83651.467104 42189.132211 22621.617471
 19.000000  -0.313006 -0.110341 0.487650 0.503652 108274.774842 100151.587714 105736.872614 -3598.197990
 20.000000  0.237765 0.356381 0.511360 0.378809 229963.010407 11255.444857 107685.046105 -226905.483372
 21.000000  0.478572 0.541759 -0.102875 -0.042177 243653.546640 -456805.027294 -102903.118442 -730007.160674
 22.000000  0.083394 0.296571 -0.577397 -0.401613 61945.810161 -1380644.271666 -220095.238566 -1046364.234468
 23.000000  -0.440035 -0.176377 -0.390029 -0.508621 -166249.881293 -2425072.119168 -259394.364698 -1007931.832469
 24.000000  -0.654445 -0.600772 -0.058371 -0.249780 -577372.657892 -3397987.584501 -663155.141105 -975540.280877
 25.000000  -0.593336 -0.545808 0.182479 0.352092 -1812974.130458 -4491389.404891 -2042009.585362 -1232261.839935
 26.000000  -0.261732 -0.041485 0.480168 0.567848 -5175459.069938 -5360777.787183 -4806453.833109 285592.389811
 27.000000  0.260867 0.461917 0.456572 0.391301 -10431507.282951 -479596.869142 -4313661.803378 12095289.899124
 28.000000  0.426697 0.661631 -0.182848 -0.007944 -10563250.073014 23579622.021134 4703574.488936 36831260.871485
 29.000000  -0.014446 0.483131 -0.572415 -0.320146 -3040801.560170 69961617.729623 8701925.119868 52719607.476362
 30.000000  -0.463214 0.028614 -0.247833 -0.592964 5870664.817833 123013202.543996 10077977.913699 51327401.318191
 31.000000  -0.503864 -0.576517 0.118846 -0.461815 21039676.610814 171648012.918254 22906385.149319 47500264.526367
 32.000000  -0.308238 -0.590624 0.259100 0.467353 57438438.133996 224292934.492031 52386953.541566 59590722.174925
 33.000000  0.010151 0.128832 0.356428 0.804474 125112845.595933 272075802.225575 76859481.047673 8140455.111734
 34.000000  0.277679 0.820078 0.091960 0.560563 183010561.543442 146576512.525606 21349589.621163 -315020608.503004
 35.000000  0.108274 1.350424 -0.389344 0.613620 156297637.163960 -439456978.551778 -62675396.961385 -872385862.171689
 36.000000  -0.236470 2.484773 -0.113719 2.134121 95765613.034957 -1593636374.581120 -44840452.648836 -1432975762.472733
 37.000000  0.078493 10.707517 0.513007 26.533243 67974810.749726 -3377656764.861371 -20773231.776967 -2273656032.241184
