6.08910179232327
6.48003717936807
4.33037334235244
7.11749397900001
8.00894578243943
8.47312265868253
8.64863004935814
8.58644295563792
8.25825613351713
7.90438322861963
7.57010332961256
6.99681663956828
9.50998913825298
27.9388108384458
22.1852103345057
14.0993443459997
14.7260323127297
12.5771649310458
11.8058300346171
10.5181959417418
13.9115141983529
10.5573538537050
7.39282377168122
28.2552596422918
40.9915174714424
45.4657095484745
42.2991607228780
19.7092021308649
16.0901579992812
14.0968352677837
17.9527691727711
12.2829637025054
7.95439015328741
7.55057413411210
24.6750816905916
45.6528879464798
50.7107744568194
47.9422483114085
24.4458305458481
13.4154351864403
13.4867486903086
14.3638785440990
13.9687172970599
10.7727505178890
7.05918369574014
23.0066721516418
43.1607243906336
48.0349901382013
45.3322314005590
20.3094866959088
11.5953827039403
16.5170968005407
12.5915965355535
21.2475758840923
9.09692638110160
7.85539056631740
16.5416031568203
16.5270143726951
25.0289219814473
20.0932377154557
24.7020116172334
39.9610980027078
16.8795211386754
21.0025582451290
8.57278429538303
7.13449666984347
8.96741592396935
10.2440235578499
11.2429456318674
12.8121386641217
12.6816495116715
41.2650568561453
40.7719434429113
12.7669964933784
16.7296579678012
9.30208588972494
13.4376370252187
9.29613582479586
14.9544088750649
16.7692668487137
13.4910770599183
15.6155566567416
18.4859204591391
15.8163429642059
43.9485906761747
20.0514715070302
12.3676967915679
10.0996529263769
9.36060798869862
13.9362480295568
16.6700084394426
17.7497123287039
14.9203553552202
23.8120361046933
19.9994485384637
17.8311335485750
41.1844582702606
11.2471813977567
13.3252386405600
9.28177804025184
12.5841225502636
11.2876177156335
13.0325875630950
24.5244343228491
12.1242723009678
11.0722493130314
12.6207771248371
14.2499507526624
37.0810742260721
16.8182390380519
9.16667069849200
11.3978962655227
8.85518409462316
12.4070235627498
10.3639726096266
13.5112297192660
11.2961330069424
11.6588957346795
15.3311129447803
17.1337976240688
32.8891236410406